0.432675
0.47622
0.512993
0.545136
0.573879
0.6
0.624025
0.64633
0.667194
0.686829
0.7054
0.723043
0.739864
0.755953
0.771384
0.786222
0.80052
0.814325
0.827677
0.840612
0.85316
0.86535
0.877205
0.888749
0.9
0.910977
0.921695
0.93217
0.942414
0.952441
0.96226
0.971884
0.98132
0.990578
0.999667
1.00859
1.01736
1.02599
1.03447
1.04281
1.05102
1.0591
1.06707
1.07491
1.08265
1.09027
1.09779
1.10521
1.11253
1.11975
1.12689
1.13393
1.14089
1.14776
1.15455
1.16126
1.1679
1.17446
1.18095
1.18737
1.19372
1.2
1.20622
1.21237
1.21846
1.2245
1.23047
1.23639
1.24225
1.24805
1.2538
1.2595
1.26515
1.27075
1.2763
1.2818
1.28725
1.29266
1.29802
1.30334
1.30862
1.31386
1.31905
1.3242
1.32931
1.33439
1.33942
1.34442
1.34938
1.35431
1.3592
1.36405
1.36887
1.37366
1.37841
1.38313
1.38782
1.39248
1.3971
1.4017
1.40626
1.4108
1.41531
1.41979
1.42424
1.42866
1.43306
1.43743
1.44177
1.44609
1.45038
1.45464
1.45888
1.4631
1.46729
1.47146
1.47561
1.47973
1.48383
1.4879
1.49196
1.49599
1.5
1.50399
1.50796
1.51191
1.51583
1.51974
1.52363
1.52749
1.53134
1.53517
1.53898
1.54277
1.54654
1.55029
1.55403
1.55775
1.56145
1.56513
1.5688
1.57244
1.57608
1.57969
1.58329
1.58687
1.59044
1.59399
1.59752
1.60104
1.60454
1.60803
1.61151
1.61496
1.61841
1.62184
1.62525
1.62865
1.63204
1.63541
1.63877
1.64211
1.64544
1.64876
1.65206
1.65535
1.65863
1.6619
1.66515
1.66839
1.67162
1.67483
1.67803
1.68122
1.6844
1.68757
1.69072
1.69386
1.697
1.70012
1.70322
1.70632
1.70941
1.71248
1.71554
1.7186
1.72164
1.72467
1.72769
1.7307
1.7337
1.73669
1.73967
1.74264
1.74559
1.74854
1.75148
1.75441
1.75733
1.76024
1.76314
1.76603
1.76891
1.77178
1.77464
1.7775
1.78034
1.78318
1.786
1.78882
1.79163
1.79443
1.79722
1.8
1.80277
1.80554
1.8083
1.81104
1.81378
1.81651
1.81924
1.82195
1.82466
1.82736
1.83005
1.83273
1.83541
1.83808
1.84074
1.84339
1.84603
1.84867
1.8513
1.85392
1.85654
1.85915
1.86175
1.86434
1.86693
1.8695
1.87208
1.87464
1.8772
1.87975
1.88229
1.88483
1.88736
1.88988
1.8924
1.89491
1.89741
1.89991
1.9024
1.90488
1.90736
1.90983
1.91229
1.91475
1.9172
1.91965
1.92209
1.92452
1.92695
1.92937
1.93178
1.93419
1.93659
1.93899
1.94138
1.94377
1.94615
1.94852
1.95089
1.95325
1.95561
1.95796
1.9603
1.96264
1.96497
1.9673
1.96962
1.97194
1.97425
1.97656
1.97886
1.98116
1.98345
1.98573
1.98801
1.99029
1.99256
1.99482
1.99708
1.99933
2.00158
2.00383
2.00606
2.0083
2.01053
2.01275
2.01497
2.01719
2.01939
2.0216
2.0238
2.02599
2.02818
2.03037
2.03255
2.03473
2.0369
2.03907
2.04123
2.04339
2.04554
2.04769
2.04983
2.05197
2.05411
2.05624
2.05836
2.06049
2.0626
2.06472
2.06683
2.06893
2.07103
2.07313
2.07522
2.07731
2.07939
2.08147
2.08354
2.08562
2.08768
2.08975
2.0918
2.09386
2.09591
2.09796
2.1
2.10204
2.10407
2.1061
2.10813
2.11015
2.11217
2.11419
2.1162
2.11821
2.12021
2.12221
2.12421
2.1262
2.12819
2.13018
2.13216
2.13414
2.13611
2.13808
2.14005
2.14201
2.14397
2.14593
2.14788
2.14983
2.15177
2.15372
2.15565
2.15759
2.15952
2.16145
2.16337
2.1653
2.16721
2.16913
2.17104
2.17295
2.17485
2.17675
2.17865
2.18054
2.18244
2.18432
2.18621
2.18809
2.18997
2.19184
2.19371
2.19558
2.19745
2.19931
2.20117
2.20303
2.20488
2.20673
2.20858
2.21042
2.21226
2.2141
2.21593
2.21776
2.21959
2.22142
2.22324
2.22506
2.22687
2.22869
2.2305
2.23231
2.23411
2.23591
2.23771
2.23951
2.2413
2.24309
2.24488
2.24666
2.24844
2.25022
2.252
2.25377
2.25554
2.25731
2.25907
2.26084
2.2626
2.26435
2.26611
2.26786
2.26961
2.27135
2.2731
2.27484
2.27657
2.27831
2.28004
2.28177
2.2835
2.28522
2.28695
2.28867
2.29038
2.2921
2.29381
2.29552
2.29722
2.29893
2.30063
2.30233
2.30403
2.30572
2.30741
2.3091
2.31079
2.31247
2.31415
2.31583
2.31751
2.31918
2.32086
2.32253
2.32419
2.32586
2.32752
2.32918
2.33084
2.33249
2.33415
2.3358
2.33745
2.33909
2.34074
2.34238
2.34402
2.34565
2.34729
2.34892
2.35055
2.35218
2.3538
2.35543
2.35705
2.35867
2.36028
2.3619
2.36351
2.36512
2.36673
2.36833
2.36994
2.37154
2.37314
2.37473
2.37633
2.37792
2.37951
2.3811
2.38269
2.38427
2.38585
2.38743
2.38901
2.39059
2.39216
2.39373
2.3953
2.39687
2.39844
2.4
2.40156
2.40312
2.40468
2.40623
2.40779
2.40934
2.41089
2.41244
2.41398
2.41552
2.41707
2.41861
2.42014
2.42168
2.42321
2.42474
2.42627
2.4278
2.42933
2.43085
2.43237
2.43389
2.43541
2.43693
2.43844
2.43996
2.44147
2.44298
2.44448
2.44599
2.44749
2.44899
2.45049
2.45199
2.45349
2.45498
2.45647
2.45796
2.45945
2.46094
2.46242
2.46391
2.46539
2.46687
2.46835
2.46982
2.4713
2.47277
2.47424
2.47571
2.47718
2.47864
2.48011
2.48157
2.48303
2.48449
2.48595
2.4874
2.48886
2.49031
2.49176
2.49321
2.49466
2.4961
2.49754
2.49899
2.50043
2.50187
2.5033
2.50474
2.50617
2.5076
2.50903
2.51046
2.51189
2.51332
2.51474
2.51616
2.51758
2.519
2.52042
2.52184
2.52325
2.52466
2.52607
2.52748
2.52889
2.5303
2.5317
2.53311
2.53451
2.53591
2.53731
2.5387
2.5401
2.54149
2.54289
2.54428
2.54567
2.54706
2.54844
2.54983
2.55121
2.55259
2.55397
2.55535
2.55673
2.55811
2.55948
2.56085
2.56223
2.5636
2.56496
2.56633
2.5677
2.56906
2.57042
2.57179
2.57315
2.5745
2.57586
2.57722
2.57857
2.57992
2.58128
2.58263
2.58397
2.58532
2.58667
2.58801
2.58935
2.5907
2.59204
2.59338
2.59471
2.59605
2.59738
2.59872
2.60005
2.60138
2.60271
2.60404
2.60536
2.60669
2.60801
2.60934
2.61066
2.61198
2.61329
2.61461
2.61593
2.61724
2.61856
2.61987
2.62118
2.62249
2.6238
2.6251
2.62641
2.62771
2.62901
2.63032
2.63162
2.63291
2.63421
2.63551
2.6368
2.6381
2.63939
2.64068
2.64197
2.64326
2.64455
2.64583
2.64712
2.6484
2.64969
2.65097
2.65225
2.65353
2.6548
2.65608
2.65735
2.65863
2.6599
2.66117
2.66244
2.66371
2.66498
2.66625
2.66751
2.66878
2.67004
2.6713
2.67256
2.67382
2.67508
2.67634
2.67759
2.67885
2.6801
2.68135
2.6826
2.68385
2.6851
2.68635
2.6876
2.68884
2.69009
2.69133
2.69257
2.69381
2.69505
2.69629
2.69753
2.69876
2.7
2.70123
2.70247
2.7037
2.70493
2.70616
2.70739
2.70861
2.70984
2.71107
2.71229
2.71351
2.71473
2.71595
2.71717
2.71839
2.71961
2.72083
2.72204
2.72326
2.72447
2.72568
2.72689
2.7281
2.72931
2.73052
2.73172
2.73293
2.73413
2.73534
2.73654
2.73774
2.73894
2.74014
2.74134
2.74254
2.74373
2.74493
2.74612
2.74731
2.74851
2.7497
2.75089
2.75208
2.75326
2.75445
2.75564
2.75682
2.758
2.75919
2.76037
2.76155
2.76273
2.76391
2.76509
2.76626
2.76744
2.76861
2.76979
2.77096
2.77213
2.7733
2.77447
2.77564
2.77681
2.77797
2.77914
2.7803
2.78147
2.78263
2.78379
2.78495
2.78611
2.78727
2.78843
2.78959
2.79074
2.7919
2.79305
2.79421
2.79536
2.79651
2.79766
2.79881
2.79996
2.80111
2.80225
2.8034
2.80454
2.80569
2.80683
2.80797
2.80911
2.81025
2.81139
2.81253
2.81367
2.8148
2.81594
2.81707
2.81821
2.81934
2.82047
2.8216
2.82273
2.82386
2.82499
2.82612
2.82724
2.82837
2.82949
2.83062
2.83174
2.83286
2.83398
2.8351
2.83622
2.83734
2.83846
2.83957
2.84069
2.8418
2.84292
2.84403
2.84514
2.84626
2.84737
2.84848
2.84958
2.85069
2.8518
2.85291
2.85401
2.85512
2.85622
2.85732
2.85842
2.85952
2.86063
2.86172
2.86282
2.86392
2.86502
2.86611
2.86721
2.8683
2.8694
2.87049
2.87158
2.87267
2.87376
2.87485
2.87594
2.87703
2.87812
2.8792
2.88029
2.88137
2.88245
2.88354
2.88462
2.8857
2.88678
2.88786
2.88894
2.89002
2.89109
2.89217
2.89325
2.89432
2.89539
2.89647
2.89754
2.89861
2.89968
2.90075
2.90182
2.90289
2.90396
2.90502
2.90609
2.90716
2.90822
2.90928
2.91035
2.91141
2.91247
2.91353
2.91459
2.91565
2.91671
2.91777
2.91882
2.91988
2.92093
2.92199
2.92304
2.9241
2.92515
2.9262
2.92725
2.9283
2.92935
2.9304
2.93145
2.93249
2.93354
2.93458
2.93563
2.93667
2.93772
2.93876
2.9398
2.94084
2.94188
2.94292
2.94396
2.945
2.94604
2.94707
2.94811
2.94914
2.95018
2.95121
2.95224
2.95328
2.95431
2.95534
2.95637
2.9574
2.95843
2.95945
2.96048
2.96151
2.96253
2.96356
2.96458
2.96561
2.96663
2.96765
2.96867
2.96969
2.97072
2.97173
2.97275
2.97377
2.97479
2.97581
2.97682
2.97784
2.97885
2.97987
2.98088
2.98189
2.9829
2.98391
2.98492
2.98593
2.98694
2.98795
2.98896
2.98997
2.99097
2.99198
2.99298
2.99399
2.99499
2.99599
2.997
2.998
2.999
3
3.001
3.002
3.003
3.00399
3.00499
3.00599
3.00698
3.00798
3.00897
3.00997
3.01096
3.01195
3.01294
3.01394
3.01493
3.01592
3.0169
3.01789
3.01888
3.01987
3.02085
3.02184
3.02283
3.02381
3.02479
3.02578
3.02676
3.02774
3.02872
3.0297
3.03069
3.03166
3.03264
3.03362
3.0346
3.03558
3.03655
3.03753
3.0385
3.03948
3.04045
3.04143
3.0424
3.04337
3.04434
3.04531
3.04628
3.04725
3.04822
3.04919
3.05016
3.05112
3.05209
3.05306
3.05402
3.05499
3.05595
3.05691
3.05788
3.05884
3.0598
3.06076
3.06172
3.06268
3.06364
3.0646
3.06556
3.06651
3.06747
3.06843
3.06938
3.07034
3.07129
3.07225
3.0732
3.07415
3.0751
3.07606
3.07701
3.07796
3.07891
3.07986
3.0808
3.08175
3.0827
3.08365
3.08459
3.08554
3.08648
3.08743
3.08837
3.08931
3.09026
3.0912
3.09214
3.09308
3.09402
3.09496
3.0959
3.09684
3.09778
3.09872
3.09965
3.10059
3.10153
3.10246
3.1034
3.10433
3.10526
3.1062
3.10713
3.10806
3.10899
3.10992
3.11085
3.11178
3.11271
3.11364
3.11457
3.1155
3.11642
3.11735
3.11828
3.1192
3.12013
3.12105
3.12197
3.1229
3.12382
3.12474
3.12566
3.12658
3.1275
3.12842
3.12934
3.13026
3.13118
3.1321
3.13302
3.13393
3.13485
3.13576
3.13668
3.13759
3.13851
3.13942
3.14033
3.14125
3.14216
3.14307
3.14398
3.14489
3.1458
3.14671
3.14762
3.14853
3.14943
3.15034
3.15125
3.15215
3.15306
3.15396
3.15487
3.15577
3.15668
3.15758
3.15848
3.15938
3.16028
3.16118
3.16209
3.16298
3.16388
3.16478
3.16568
3.16658
3.16748
3.16837
3.16927
3.17017
3.17106
3.17196
3.17285
3.17374
3.17464
3.17553
3.17642
3.17731
3.1782
3.1791
3.17999
3.18088
3.18176
3.18265
3.18354
3.18443
3.18532
3.1862
3.18709
3.18798
3.18886
3.18975
3.19063
3.19151
3.1924
3.19328
3.19416
3.19504
3.19593
3.19681
3.19769
3.19857
3.19945
3.20033
3.2012
3.20208
3.20296
3.20384
3.20471
3.20559
3.20646
3.20734
3.20821
3.20909
3.20996
3.21084
3.21171
3.21258
3.21345
3.21432
3.21519
3.21607
3.21693
3.2178
3.21867
3.21954
3.22041
3.22128
3.22214
3.22301
3.22388
3.22474
3.22561
3.22647
3.22734
3.2282
3.22906
3.22993
3.23079
3.23165
3.23251
3.23337
3.23424
3.2351
3.23596
3.23681
3.23767
3.23853
3.23939
3.24025
3.2411
3.24196
3.24282
3.24367
3.24453
3.24538
3.24624
3.24709
3.24794
3.2488
3.24965
3.2505
3.25135
3.2522
3.25305
3.2539
3.25475
3.2556
3.25645
3.2573
3.25815
3.259
3.25984
3.26069
3.26154
3.26238
3.26323
3.26407
3.26492
3.26576
3.26661
3.26745
3.26829
3.26913
3.26998
3.27082
3.27166
3.2725
3.27334
3.27418
3.27502
3.27586
3.2767
3.27753
3.27837
3.27921
3.28004
3.28088
3.28172
3.28255
3.28339
3.28422
3.28506
3.28589
3.28672
3.28756
3.28839
3.28922
3.29005
3.29088
3.29171
3.29255
3.29338
3.2942
3.29503
3.29586
3.29669
3.29752
3.29835
3.29917
3.3
3.30083
3.30165
3.30248
3.3033
3.30413
3.30495
3.30578
3.3066
3.30742
3.30824
3.30907
3.30989
3.31071
3.31153
3.31235
3.31317
3.31399
3.31481
3.31563
3.31645
3.31726
3.31808
3.3189
3.31972
3.32053
3.32135
3.32216
3.32298
3.32379
3.32461
3.32542
3.32624
3.32705
3.32786
3.32868
3.32949
3.3303
3.33111
3.33192
3.33273
3.33354
3.33435
3.33516
3.33597
3.33678
3.33759
3.33839
3.3392
3.34001
3.34082
3.34162
3.34243
3.34323
3.34404
3.34484
3.34565
3.34645
3.34725
3.34806
3.34886
3.34966
3.35046
3.35127
3.35207
3.35287
3.35367
3.35447
3.35527
3.35607
3.35687
3.35766
3.35846
3.35926
3.36006
3.36085
3.36165
3.36245
3.36324
3.36404
3.36483
3.36563
3.36642
3.36722
3.36801
3.3688
3.3696
3.37039
3.37118
3.37197
3.37276
3.37355
3.37435
3.37514
3.37593
3.37672
3.3775
3.37829
3.37908
3.37987
3.38066
3.38144
3.38223
3.38302
3.3838
3.38459
3.38538
3.38616
3.38695
3.38773
3.38851
3.3893
3.39008
3.39086
3.39165
3.39243
3.39321
3.39399
3.39477
3.39555
3.39633
3.39711
3.39789
3.39867
3.39945
3.40023
3.40101
3.40179
3.40256
3.40334
3.40412
3.40489
3.40567
3.40645
3.40722
3.408
3.40877
3.40955
3.41032
3.41109
3.41187
3.41264
3.41341
3.41419
3.41496
3.41573
3.4165
3.41727
3.41804
3.41881
3.41958
3.42035
3.42112
3.42189
3.42266
3.42343
3.42419
3.42496
3.42573
3.42649
3.42726
3.42803
3.42879
3.42956
3.43032
3.43109
3.43185
3.43262
3.43338
3.43414
3.43491
3.43567
3.43643
3.43719
3.43795
3.43872
3.43948
3.44024
3.441
3.44176
3.44252
3.44328
3.44404
3.44479
3.44555
3.44631
3.44707
3.44782
3.44858
3.44934
3.45009
3.45085
3.45161
3.45236
3.45312
3.45387
3.45463
3.45538
3.45613
3.45689
3.45764
3.45839
3.45914
3.4599
3.46065
3.4614
3.46215
3.4629
3.46365
3.4644
3.46515
3.4659
3.46665
3.4674
3.46815
3.46889
3.46964
3.47039
3.47114
3.47188
3.47263
3.47338
3.47412
3.47487
3.47561
3.47636
3.4771
3.47785
3.47859
3.47933
3.48008
3.48082
3.48156
3.48231
3.48305
3.48379
3.48453
3.48527
3.48601
3.48675
3.48749
3.48823
3.48897
3.48971
3.49045
3.49119
3.49193
3.49266
3.4934
3.49414
3.49488
3.49561
3.49635
3.49709
3.49782
3.49856
3.49929
3.50003
3.50076
3.5015
3.50223
3.50296
3.5037
3.50443
3.50516
3.50589
3.50663
3.50736
3.50809
3.50882
3.50955
3.51028
3.51101
3.51174
3.51247
3.5132
3.51393
3.51466
3.51539
3.51612
3.51684
3.51757
3.5183
3.51903
3.51975
3.52048
3.5212
3.52193
3.52266
3.52338
3.52411
3.52483
3.52555
3.52628
3.527
3.52773
3.52845
3.52917
3.52989
3.53062
3.53134
3.53206
3.53278
3.5335
3.53422
3.53494
3.53566
3.53638
3.5371
3.53782
3.53854
3.53926
3.53998
3.5407
3.54141
3.54213
3.54285
3.54356
3.54428
3.545
3.54571
3.54643
3.54714
3.54786
3.54857
3.54929
3.55
3.55072
3.55143
3.55214
3.55286
3.55357
3.55428
3.555
3.55571
3.55642
3.55713
3.55784
3.55855
3.55926
3.55997
3.56068
3.56139
3.5621
3.56281
3.56352
3.56423
3.56494
3.56565
3.56635
3.56706
3.56777
3.56847
3.56918
3.56989
3.57059
3.5713
3.57201
3.57271
3.57342
3.57412
3.57482
3.57553
3.57623
3.57694
3.57764
3.57834
3.57904
3.57975
3.58045
3.58115
3.58185
3.58255
3.58326
3.58396
3.58466
3.58536
3.58606
3.58676
3.58746
3.58816
3.58885
3.58955
3.59025
3.59095
3.59165
3.59234
3.59304
3.59374
3.59444
3.59513
3.59583
3.59652
3.59722
3.59792
3.59861
3.59931
3.6
3.60069
3.60139
3.60208
3.60278
3.60347
3.60416
3.60485
3.60555
3.60624
3.60693
3.60762
3.60831
3.60901
3.6097
3.61039
3.61108
3.61177
3.61246
3.61315
3.61384
3.61452
3.61521
3.6159
3.61659
3.61728
3.61797
3.61865
3.61934
3.62003
3.62071
3.6214
3.62209
3.62277
3.62346
3.62414
3.62483
3.62551
3.6262
3.62688
3.62757
3.62825
3.62893
3.62962
3.6303
3.63098
3.63167
3.63235
3.63303
3.63371
3.63439
3.63507
3.63575
3.63644
3.63712
3.6378
3.63848
3.63916
3.63984
3.64051
3.64119
3.64187
3.64255
3.64323
3.64391
3.64458
3.64526
3.64594
3.64662
3.64729
3.64797
3.64865
3.64932
3.65
3.65067
3.65135
3.65202
3.6527
3.65337
3.65405
3.65472
3.65539
3.65607
3.65674
3.65741
3.65809
3.65876
3.65943
3.6601
3.66077
3.66145
3.66212
3.66279
3.66346
3.66413
3.6648
3.66547
3.66614
3.66681
3.66748
3.66815
3.66882
3.66948
3.67015
3.67082
3.67149
3.67216
3.67282
3.67349
3.67416
3.67482
3.67549
3.67616
3.67682
3.67749
3.67815
3.67882
3.67948
3.68015
3.68081
3.68148
3.68214
3.6828
3.68347
3.68413
3.68479
3.68546
3.68612
3.68678
3.68744
3.6881
3.68877
3.68943
3.69009
3.69075
3.69141
3.69207
3.69273
3.69339
3.69405
3.69471
3.69537
3.69603
3.69669
3.69734
3.698
3.69866
3.69932
3.69998
3.70063
3.70129
3.70195
3.7026
3.70326
3.70392
3.70457
3.70523
3.70588
3.70654
3.70719
3.70785
3.7085
3.70916
3.70981
3.71046
3.71112
3.71177
3.71242
3.71308
3.71373
3.71438
3.71503
3.71569
3.71634
3.71699
3.71764
3.71829
3.71894
3.71959
3.72024
3.72089
3.72154
3.72219
3.72284
3.72349
3.72414
3.72479
3.72544
3.72609
3.72674
3.72738
3.72803
3.72868
3.72933
3.72997
3.73062
3.73127
3.73191
3.73256
3.7332
3.73385
3.7345
3.73514
3.73579
3.73643
3.73708
3.73772
3.73836
3.73901
3.73965
3.74029
3.74094
3.74158
3.74222
3.74287
3.74351
3.74415
3.74479
3.74543
3.74608
3.74672
3.74736
3.748
3.74864
3.74928
3.74992
3.75056
3.7512
3.75184
3.75248
3.75312
3.75376
3.75439
3.75503
3.75567
3.75631
3.75695
3.75758
3.75822
3.75886
3.7595
3.76013
3.76077
3.76141
3.76204
3.76268
3.76331
3.76395
3.76458
3.76522
3.76585
3.76649
3.76712
3.76776
3.76839
3.76902
3.76966
3.77029
3.77092
3.77156
3.77219
3.77282
3.77345
3.77408
3.77472
3.77535
3.77598
3.77661
3.77724
3.77787
3.7785
3.77913
3.77976
3.78039
3.78102
3.78165
3.78228
3.78291
3.78354
3.78417
3.7848
3.78542
3.78605
3.78668
3.78731
3.78793
3.78856
3.78919
3.78982
3.79044
3.79107
3.79169
3.79232
3.79295
3.79357
3.7942
3.79482
3.79545
3.79607
3.7967
3.79732
3.79794
3.79857
3.79919
3.79982
3.80044
3.80106
3.80168
3.80231
3.80293
3.80355
3.80417
3.8048
3.80542
3.80604
3.80666
3.80728
3.8079
3.80852
3.80914
3.80976
3.81038
3.811
3.81162
3.81224
3.81286
3.81348
3.8141
3.81472
3.81534
3.81595
3.81657
3.81719
3.81781
3.81842
3.81904
3.81966
3.82027
3.82089
3.82151
3.82212
3.82274
3.82336
3.82397
3.82459
3.8252
3.82582
3.82643
3.82705
3.82766
3.82827
3.82889
3.8295
3.83012
3.83073
3.83134
3.83196
3.83257
3.83318
3.83379
3.83441
3.83502
3.83563
3.83624
3.83685
3.83746
3.83808
3.83869
3.8393
3.83991
3.84052
3.84113
3.84174
3.84235
3.84296
3.84357
3.84418
3.84478
3.84539
3.846
3.84661
3.84722
3.84783
3.84843
3.84904
3.84965
3.85026
3.85086
3.85147
3.85208
3.85268
3.85329
3.85389
3.8545
3.85511
3.85571
3.85632
3.85692
3.85753
3.85813
3.85874
3.85934
3.85995
3.86055
3.86115
3.86176
3.86236
3.86296
3.86357
3.86417
3.86477
3.86537
3.86598
3.86658
3.86718
3.86778
3.86838
3.86898
3.86959
3.87019
3.87079
3.87139
3.87199
3.87259
3.87319
3.87379
3.87439
3.87499
3.87559
3.87619
3.87679
3.87738
3.87798
3.87858
3.87918
3.87978
3.88037
3.88097
3.88157
3.88217
3.88276
3.88336
3.88396
3.88455
3.88515
3.88575
3.88634
3.88694
3.88753
3.88813
3.88872
3.88932
3.88991
3.89051
3.8911
3.8917
3.89229
3.89289
3.89348
3.89407
3.89467
3.89526
3.89585
3.89645
3.89704
3.89763
3.89822
3.89882
3.89941
3.9
3.90059
3.90118
3.90177
3.90237
3.90296
3.90355
3.90414
3.90473
3.90532
3.90591
3.9065
3.90709
3.90768
3.90827
3.90886
3.90944
3.91003
3.91062
3.91121
3.9118
3.91239
3.91297
3.91356
3.91415
3.91474
3.91532
3.91591
3.9165
3.91708
3.91767
3.91826
3.91884
3.91943
3.92002
3.9206
3.92119
3.92177
3.92236
3.92294
3.92353
3.92411
3.9247
3.92528
3.92586
3.92645
3.92703
3.92761
3.9282
3.92878
3.92936
3.92995
3.93053
3.93111
3.93169
3.93228
3.93286
3.93344
3.93402
3.9346
3.93518
3.93577
3.93635
3.93693
3.93751
3.93809
3.93867
3.93925
3.93983
3.94041
3.94099
3.94157
3.94215
3.94273
3.9433
3.94388
3.94446
3.94504
3.94562
3.9462
3.94677
3.94735
3.94793
3.94851
3.94908
3.94966
3.95024
3.95081
3.95139
3.95197
3.95254
3.95312
3.9537
3.95427
3.95485
3.95542
3.956
3.95657
3.95715
3.95772
3.9583
3.95887
3.95944
3.96002
3.96059
3.96117
3.96174
3.96231
3.96289
3.96346
3.96403
3.9646
3.96518
3.96575
3.96632
3.96689
3.96747
3.96804
3.96861
3.96918
3.96975
3.97032
3.97089
3.97146
3.97203
3.9726
3.97317
3.97374
3.97431
3.97488
3.97545
3.97602
3.97659
3.97716
3.97773
3.9783
3.97887
3.97944
3.98
3.98057
3.98114
3.98171
3.98228
3.98284
3.98341
3.98398
3.98454
3.98511
3.98568
3.98624
3.98681
3.98738
3.98794
3.98851
3.98907
3.98964
3.99021
3.99077
3.99134
3.9919
3.99246
3.99303
3.99359
3.99416
3.99472
3.99529
3.99585
3.99641
3.99698
3.99754
3.9981
3.99867
3.99923
3.99979
4.00035
4.00092
4.00148
4.00204
4.0026
4.00316
4.00373
4.00429
4.00485
4.00541
4.00597
4.00653
4.00709
4.00765
4.00821
4.00877
4.00933
4.00989
4.01045
4.01101
4.01157
4.01213
4.01269
4.01325
4.01381
4.01437
4.01492
4.01548
4.01604
4.0166
4.01716
4.01771
4.01827
4.01883
4.01939
4.01994
4.0205
4.02106
4.02161
4.02217
4.02272
4.02328
4.02384
4.02439
4.02495
4.0255
4.02606
4.02661
4.02717
4.02772
4.02828
4.02883
4.02939
4.02994
4.0305
4.03105
4.0316
4.03216
4.03271
4.03326
4.03382
4.03437
4.03492
4.03548
4.03603
4.03658
4.03713
4.03769
4.03824
4.03879
4.03934
4.03989
4.04044
4.041
4.04155
4.0421
4.04265
4.0432
4.04375
4.0443
4.04485
4.0454
4.04595
4.0465
4.04705
4.0476
4.04815
4.0487
4.04925
4.04979
4.05034
4.05089
4.05144
4.05199
4.05254
4.05308
4.05363
4.05418
4.05473
4.05527
4.05582
4.05637
4.05692
4.05746
4.05801
4.05856
4.0591
4.05965
4.06019
4.06074
4.06129
4.06183
4.06238
4.06292
4.06347
4.06401
4.06456
4.0651
4.06565
4.06619
4.06673
4.06728
4.06782
4.06837
4.06891
4.06945
4.07
4.07054
4.07108
4.07163
0
